0.057 0060
0.0562 0025
0.041 0137
0.0371 0031
0.0311 0248
0.028 0194
0.0273 0298
0.026 0018
0.0255 0233
0.024 0067
0.0208 0359
0.0204 0007
0.0203 0028
0.02 0190
0.0198 0118 0098
0.0188 0317
0.018 0152
0.0175 0088
0.0173 0122
0.0165 0234
0.0165 0973
0.0163 0299
0.016 0526
0.0157 0043
0.0157 0559
0.0149 0187
0.0147 0149
0.0147 0006 0326
0.0138 0543
0.0137 0237
0.0137 0164 0288 0436
0.0136 0757
0.0134 0284
0.013 0093
0.013 0374
0.013 0083 0026
0.0128 0811
0.0124 0193
0.0123 0390 0382
0.0122 0003
0.0122 0096
0.0119 0942
0.0119 0797
0.0119 0205
0.0119 0011
0.0117 0045
0.0116 0196 0105
0.0116 0225 0382 0407
0.0112 0368
0.0112 1025
0.0111 0032
0.011 0038 0105
0.0107 0697
0.0106 0006 0288
0.0105 0129
0.0103 0338
0.0103 0211
0.0101 0021
0.0101 0723
0.01 1022
