0.0946 0006
0.0475 0248
0.0445 0181
0.0439 0038 0105
0.0429 0234
0.0402 0060
0.0402 0374
0.0327 0122
0.0311 0018
0.0303 0003
0.0257 0838
0.0239 0716
0.0237 0149
0.0225 1261
0.0222 0253 0105
0.0215 0038 0548
0.0198 0359
0.019 0448
0.0183 0946
0.0174 0038 0066 0400
0.0165 0390 0129
0.016 1044
0.0158 0390 0253
0.0158 0390 0105
0.0157 0258
0.0157 0088
0.0152 0441 0105
0.0148 0323 0439
0.0143 0543
0.0143 0136
0.0142 0559
0.0142 0038 0441
0.0141 0745
0.0141 0038 0253
0.0139 0134
0.0137 0447
0.0135 0026
0.0135 0473
0.0127 0282
0.0124 0191
0.0124 0056
0.0122 0247
0.0119 0829
0.0119 0453
0.0118 0472
0.0118 0105 0025
0.0116 0967 0678
0.0115 1889
0.0115 0721
0.0115 0748
0.0114 0093
0.0112 0362
0.0112 0338
0.0111 0755
0.0111 0105 0066
0.011 0194
0.0108 0442
0.0107 0158
0.0106 1048
0.0106 0211
0.0105 0326
0.0103 0554
0.0103 0067 0390
0.0102 0619
0.0102 0272
0.0102 0067 0025
