0.0714 0479
0.0633 0418
0.045 0397 0190
0.0419 0088
0.0354 0036
0.0314 0006
0.0311 0000
0.0302 0234
0.0268 0027
0.0261 0390
0.0254 0627
0.0252 0317
0.0251 0362
0.0246 0018
0.0238 0066
0.0234 0376
0.0221 0909
0.0215 0026
0.0215 0330
0.0206 0177
0.0194 0122
0.0184 0626
0.0174 0559
0.0173 0621
0.0172 0416
0.017 0205
0.0165 0448
0.0164 0827
0.0163 0174
0.0163 0389
0.0163 0255 0028
0.0159 0183
0.0159 0453
0.0158 0245
0.0155 0982
0.0146 0797
0.0146 0323
0.0143 0987
0.0143 0625
0.0142 0250
0.0142 0397 0481
0.0141 0524
0.0137 0138
0.0132 0084
0.0132 0676
0.0132 0397 0025
0.0131 0544
0.0131 0211
0.0128 0149
0.0126 0299
0.0124 0757
0.0124 0067 0397
0.0123 0500
0.0123 0325
0.0123 0067 0025
0.0122 0554
0.0119 0443
0.0118 0003
0.0118 0204
0.0117 0792
0.0117 0397 0105
0.0117 0067 0060
0.0111 0181
0.0108 0690
0.0108 0395
0.0106 0134
0.0106 0105 0190
0.0104 0007
0.0102 0067 0028
0.0101 0037
0.0101 0060 0190
