0.8062 0253
0.8212 0400 0066
0.8151 0038 0066
0.8212 0253 0105
0.8212 0678
0.8212 0967
0.8212 0038 0066 0400
0.8212 0323 0439
0.8126 0038 0400
0.8212 0038 0253
0.8212 0472
0.8212 0967 0678
0.8082 0247
0.7992 0105 0066
0.7254 0400
0.7369 0716
0.3798 0038
0.7305 0390 0253
0.6316 0548
0.6977 0038 0548
0.6508 0439
0.7029 0038 0441
0.6904 0441 0105
0.6417 1261
0.552 0038 0105
0.6124 0390 0129
0.5896 0946
0.5609 0838
0.436 0066
0.5537 0829
0.422 0129
0.4503 0390 0105
0.4342 0721
0.4203 0258
0.4236 1889
0.4224 0067 0390
0.1585 0105
0.3423 0441
0.3464 0323
0.3902 0191
0.3076 0003
0.3114 0619
0.2946 0136
0.207 0122
0.2124 1044
0.1082 0234
0.0781 0181
0.1543 0158
0.1283 0272
0.0795 0149
0.1025 1048
-0.1132 0006
0.0242 0018
0.0597 0134
0.0396 0056
0.0395 0105 0025
-0.1064 0025
-0.0435 0745
-0.0727 0543
-0.0708 0748
-0.127 0359
-0.2954 0067
-0.2915 0374
-0.25 0554
-0.2656 0067 0025
-0.2816 0559
-0.2875 0282
-0.2866 0211
-0.3448 0453
-0.3848 0326
-0.47 0442
-0.5541 0447
-0.5825 0755
-0.7146 0248
-0.6773 0448
-0.9088 0390
-0.8248 0362
-0.9178 0060
-0.8737 0338
-0.9017 0194
-0.9678 0093
-1.0031 0088
-1.5112 0026
-1.8277 0473
