0.87 0225
0.87 0098
0.87 0164
0.87 0407
0.87 0407 0225
0.87 0436
0.87 0118 0098
0.87 0164 0436
0.87 0225 0382
0.87 0288 0436
0.87 0407 0382
0.87 0288 0164
0.87 0164 0288 0436
0.87 0811
0.87 0225 0382 0407
0.8397 1025
0.7803 0083 0026
0.7651 0187
0.7677 0196 0105
0.7178 0237
0.6591 0083
0.6212 0288
0.5924 0137
0.6325 0196
0.6035 0973
0.6044 0006 0288
0.4768 0026
0.5657 0043
0.5736 0368
0.5294 0233
0.4331 0031
0.4544 0194
0.3749 0697
0.3117 0007
0.2096 0284
0.183 0006 0326
0.1654 0326
-0.0734 0006
0.0976 0942
0.0699 0299
0.0231 0011
0.014 1022
0.0006 0193
-0.059 0359
-0.0445 0757
-0.0844 0021
-0.0906 0032
-0.1171 0543
-0.2241 0118
-0.2627 0025
-0.1914 0559
-0.2332 0018
-0.4271 0105
-0.3111 0211
-0.3688 0797
-0.4014 0205
-0.5805 0060
-0.4926 0149
-0.5813 0298
-0.5562 0526
-0.6432 0122
-0.6932 0045
-0.8776 0038
-0.8428 0093
-0.8634 0152
-0.9011 0088
-0.9623 0382
-0.9206 0003
-0.9689 0234
-0.9858 0028
-0.9891 0338
-0.9927 0129
-1.1668 0248
-1.331 0096
-1.3348 0390 0382
-1.4344 0390
-1.4143 0374
-1.4483 0067
-1.4486 0038 0105
-1.6761 0723
-1.7233 0190
-1.727 0317
