0.8946 0387
0.7904 0084
0.91 0084 0387
0.9018 0590
0.91 0784
0.91 1076
0.91 0764 0387
0.91 0893
0.91 0084 0082
0.91 0462
0.91 0084 0784
0.91 1525
0.8781 0496
0.8738 1836 0496
0.8382 0051
0.8134 0082
0.8453 0594
0.8336 0591
0.8001 0764
0.8066 0084 0317
0.7889 0600
0.7705 1836
0.7697 0084 0025
0.6864 0188
0.7126 0448 0317
0.7312 0412
0.6808 0294
0.5562 0096
0.6076 0497
0.5648 0601
0.5308 0034
0.5383 0085
0.4729 0150
0.4371 0338
0.4286 0509
0.4157 1010
0.3399 0448
0.3653 0610
0.3635 0568
0.3462 0286
0.3233 0104
0.2828 0276
0.2358 0488
0.0454 0317
0.1881 0195
0.0746 0374
0.1404 0138
0.0711 0282
0.0572 0617
-0.1319 0025
-0.0178 0443
-0.0681 0487
-0.1304 0032
-0.1467 0748
-0.1596 0339
-0.2336 0193
-0.4913 0359
-0.7003 0389
-0.8537 0441
-0.9003 0027
-0.9918 0234
-1.0263 0031
-1.0339 0003
-1.0565 0036
-1.1082 0088
-1.1388 0298
-1.4899 0105
-1.5297 0060
-1.576 0473
-1.6321 0190
-1.6347 0028
-1.714 0038
-1.693 0397
-1.7686 0481
-2.4663 0248
