0.7471 0425
0.7725 0390 0425
0.7725 0422
0.3654 0390
0.7725 0422 0382
0.7669 0390 0473
0.7725 0618
0.7725 1113
0.7264 0576
0.7159 0390 0317
0.6047 0458
0.691 0382 0723
0.7048 0248 0473
0.6794 0099
0.6373 0180
0.6509 1650
0.4997 0473
0.5574 0723
0.6174 0830
0.5807 0495
0.5664 0078
0.5671 0501
0.3684 0382
0.5584 1263
0.4816 0390 0382
0.5476 0892
0.5127 0474
0.4979 1832
0.4848 0298 1832
0.457 0563
0.4443 0752
0.2793 0248
0.4426 0565
0.4076 1201
0.3312 0152
0.3855 0117
0.3625 0390 0181
0.323 0093
0.354 0317 0563
0.3117 0832
0.3022 0424
0.2028 0298
0.2581 0045
0.21 0755
0.1895 0526
0.1869 0389
0.1938 0447
0.2038 0116
0.1536 0174
0.1427 0442
0.1445 0108
0.124 0394
0.1135 0525
-0.027 0118
-0.0564 0797
-0.1117 0177
-0.1164 0339
-0.3175 0317
-0.1992 0487
-0.214 0416
-0.2136 0745
-0.3597 0181
-0.3164 0245
-0.3615 0149
-0.5649 0234
-0.7317 0003
-0.9944 0025
-0.9843 0122
-1.5061 0060
-1.4883 0088
