0.7637 0479
0.7739 0418
0.7863 0330
0.7863 0626
0.7861 0827
0.7863 0982
0.7863 0544
0.7863 0067 0397
0.7709 0524
0.7234 0909
0.5346 0397
0.5227 0190
0.7205 0067 0028
0.6082 0397 0190
0.6691 0397 0481
0.6518 0255
0.6606 0255 0028
0.5486 0481
0.6398 0625
0.6307 0621
0.6345 0060 0190
0.5853 0376
0.5114 0000
0.5505 0397 0105
0.507 0627
0.5258 0500
0.5285 0037
0.4958 0250
0.4863 0395
0.3878 0028
0.4701 0792
0.4587 0987
0.4572 0397 0025
0.4615 0690
0.4311 0676
0.3735 0036
0.3565 0088
0.4081 0183
0.2117 0060
0.3411 0362
0.3713 0067 0060
0.3178 0027
0.327 0105 0190
0.2744 0204
0.0271 0067
0.1069 0205
0.1057 0325
0.0651 0453
0.0323 0245
0.0202 0211
0.0031 0067 0025
-0.0098 0554
-0.1422 0025
-0.0468 0559
-0.055 0416
-0.1549 0177
-0.1812 0757
-0.2152 0797
-0.2464 0443
-0.301 0018
-0.3066 0299
-0.3328 0134
-0.3983 0234
-0.4328 0138
-0.4978 0174
-0.5499 0122
-0.5527 0389
-0.6321 0149
-0.6603 0007
-0.818 0323
-0.8364 0448
-0.9942 0105
-0.9543 0003
-1.0155 0026
-1.0391 0066
-1.1242 0006
-1.3738 0317
-1.448 0181
-2.2274 0390
-2.4673 0084
