0.1951 0390
0.1044 0382
0.0945 0248
0.0761 0317
0.0734 0473
0.0585 0458
0.0486 0118
0.0477 0723
0.047 0298
0.0433 0390 0382
0.0423 0425
0.0412 0152
0.0328 0181
0.0298 0576
0.0292 0093
0.0273 0180
0.0272 0389
0.0268 0526
0.0261 0025
0.0257 0390 0425
0.0256 0174
0.0253 0752
0.0252 0563
0.025 0234
0.0245 0474
0.0244 0422
0.0235 0060
0.023 0447
0.0227 0495
0.0226 0045
0.0226 1201
0.0222 0078
0.0212 0177
0.0206 0832
0.0199 0382 0723
0.0197 0501
0.0192 0755
0.0188 1263
0.0174 0149
0.0169 1832
0.0166 0442
0.0163 0797
0.0157 0390 0473
0.0157 0298 1832
0.0154 0416
0.0153 0424
0.0153 0116
0.0147 0003
0.014 0117
0.0138 0525
0.0137 0422 0382
0.0136 0099
0.0135 0390 0317
0.0129 0248 0473
0.0126 0565
0.0125 0745
0.0125 0390 0181
0.0124 0122
0.0124 0245
0.0117 0618
0.0116 0339
0.0115 0830
0.0113 0394
0.0112 0317 0563
0.0111 0487
0.0108 0892
0.0103 1113
0.0101 0088
0.01 0108
0.01 1650
