0.131 0387
0.1267 0084
0.0979 0317
0.0681 0025
0.0518 0374
0.045 0096
0.0385 0448
0.0373 0188
0.0351 0038
0.0298 0105
0.0283 0082
0.0277 0338
0.0242 0060
0.0235 0764
0.0222 0190
0.0218 0397
0.0218 0150
0.0216 0590
0.0215 0084 0387
0.0204 0138
0.0199 0448 0317
0.0194 0051
0.0194 0610
0.0188 0034
0.0185 0294
0.0184 0441
0.018 0591
0.0178 0784
0.0174 0488
0.0174 0473
0.0164 0496
0.0164 0234
0.0163 0298
0.0163 0282
0.0158 1076
0.0157 1836
0.0153 0764 0387
0.0148 0893
0.0148 0088
0.0146 0497
0.0145 0276
0.0145 1836 0496
0.0144 0568
0.0144 0389
0.0144 0084 0082
0.0141 0085
0.014 0443
0.0136 0601
0.0135 0031
0.0132 0462
0.0131 0036
0.0131 0084 0784
0.013 0359
0.013 0594
0.0124 0509
0.0123 0286
0.0121 0487
0.0121 0104
0.0118 0481
0.0118 0028
0.0115 0027
0.0114 0600
0.0114 1010
0.0113 1525
0.0113 0339
0.0112 0003
0.011 0248
0.011 0084 0025
0.0109 0748
0.0108 0032
0.0107 0412
0.0105 0193
0.0105 0084 0317
0.0104 0617
0.0101 0195
